222, 243, 62, 286
4, 29, 88, 287
11, 117, 145, 288
255, 257, 123, 291
17, 177, 106, 292
94, 181, 202, 293
84, 211, 55, 294
12, 108, 156, 295
148, 270, 204, 296
160, 198, 43, 165
26, 175, 99, 299
139, 271, 171, 183, 275
10, 47, 21, 186, 227, 301
122, 233, 260, 302
152, 185, 232, 303
102, 172, 116, 305
163, 179, 276, 307
70, 97, 217, 221
45, 205, 64, 310
8, 66, 18, 107
132, 249, 143, 312
5, 300, 7, 313
87, 209, 142, 314
214, 289, 210, 316
201, 279, 208, 317
76, 127, 215, 319
118, 254, 162, 320
58, 137, 89, 321
50, 194, 315, 323
42, 241, 81, 247
27, 290, 105, 281
113, 125, 126, 153, 242
120, 147, 100, 158
19, 37, 15, 159
57, 110, 36, 169, 154, 308
22, 161, 49, 173
65, 176, 134, 178
59, 224, 182, 184
28, 44, 95, 189
138, 248, 174, 311
13, 96, 52, 196
111, 170, 220, 264
144, 297, 136, 199
112, 203, 33, 229
72, 157, 135, 206
3, 23, 67, 115
75, 103, 188, 212
0, 167, 190, 213
119, 193, 104, 223
25, 219, 129, 225
78, 218, 71, 226
38, 90, 20, 140, 79, 228
141, 187, 192, 230
86, 298, 56, 124, 231
77, 150, 133, 234, 83, 252
16, 98, 168, 237
63, 130, 207, 239
155, 235, 54, 261
39, 246, 34, 244
51, 265, 35, 304
92, 216, 195, 258
2, 180, 73, 250
46, 109, 259, 266
9, 101, 91, 236, 256
74, 128, 251, 309
14, 197, 85, 262
40, 267, 121, 306
68, 200, 80, 322
93, 253, 238, 318
82, 191, 240, 272
114, 146, 166, 273
6, 41, 263, 277
164, 245, 1, 278
24, 48, 131, 280
61, 274, 69, 282
32, 269, 30, 283
151, 268, 53, 284
31, 60, 149, 285
